pi_full = [
  0.0000000000;
  0.0000000000;
  0.0000000000;
  0.0000000000;
  0.0000000000;
  0.0000000000;
  0.0000000000;
  0.0000000000;
  0.0000000000;
  0.0000000000;
  0.0000000000;
  0.8508991678;
  0.0687352783;
  10.3405055132;
  0.0066440522;
  -5.6184036134;
  0.0239984798;
  0.0000000000;
  9.4006559727;
  0.0000000000;
  0.0000000000;
  -0.5163929792;
  0.2051408646;
  4.3808585969;
  -0.2504086837;
  -3.7568018791;
  -0.0354530454;
  0.0000000000;
  4.4602800949;
  0.0000000000;
  0.0000000000;
  0.1123695157;
  -0.1485462665;
  -17.2134860680;
  0.1552859877;
  16.8958423532;
  0.0125673533;
  0.0000000000;
  0.0000000000;
  0.0000000000;
  16.6917477036;
  0.0542641022;
  -0.0578054456;
  17.2457620597;
  -0.1300909107;
  0.0000000000;
  0.0093333535;
  0.0000000000;
  0.3931814208;
  0.0000000000;
  0.1974011543;
  0.0051011332;
  -0.0800783253;
  -0.1030287291;
  -0.1074472132;
  0.2864171053;
  -0.0119649275;
  0.0895260503;
  -0.0067075842;
  0.0000000000;
];
